accel: 75
auto_rotate: false
const_speed: 1

native_res_factor: 1016.0
pen_pos_down: 51
pen_pos_up: 0
pen_rate_lower: 75.63874345549739
pen_rate_raise: 74.53730366492147
profile_name: aa
random_start: false
reordering: 2
report_time: false
resolution: 1
speed_pendown: 73.97422680412372
speed_penup: 82.11780104712041
svg_file: null
